Si 01 0.10000000000E-04 0.24553385364E-01 -.59678793157E-10
Si 01 0.10001000000E+00 0.24597930286E-01 -.25097623632E-10
Si 01 0.20001000000E+00 0.24729847251E-01 0.12195003687E-10
Si 01 0.30001000000E+00 0.24943680127E-01 0.46786879926E-12
Si 01 0.40001000000E+00 0.25229654300E-01 -.64385684284E-11
Si 01 0.50001000000E+00 0.25573742166E-01 0.47234369194E-11
Si 01 0.60001000000E+00 0.25958387541E-01 0.46830594957E-12
Si 01 0.70001000000E+00 0.26363518475E-01 -.37638850370E-11
Si 01 0.80001000000E+00 0.26768405067E-01 0.28483621711E-11
Si 01 0.90001000000E+00 0.27155008894E-01 0.46770920470E-12
Si 01 0.10000100000E+01 0.27511661782E-01 -.26876487147E-11
Si 01 0.11000100000E+01 0.27834989086E-01 0.19910548904E-11
Si 01 0.12000100000E+01 0.28129235013E-01 0.46655387886E-12
Si 01 0.13000100000E+01 0.28403448823E-01 -.21031423131E-11
Si 01 0.14000100000E+01 0.28667540697E-01 0.14973907531E-11
Si 01 0.15000100000E+01 0.28928663903E-01 0.46496140271E-12
Si 01 0.16000100000E+01 0.29189237974E-01 -.17337095301E-11
Si 01 0.17000100000E+01 0.29447002892E-01 0.11749845888E-11
Si 01 0.18000100000E+01 0.29696603586E-01 0.46297340961E-12
Si 01 0.19000100000E+01 0.29931711237E-01 -.14774154122E-11
Si 01 0.20000100000E+01 0.30146765542E-01 0.94689273783E-12
Si 01 0.21000100000E+01 0.30338010176E-01 0.46059163428E-12
Si 01 0.22000100000E+01 0.30503809862E-01 -.12879437100E-11
Si 01 0.23000100000E+01 0.30644199447E-01 0.77632214893E-12
Si 01 0.24000100000E+01 0.30759810253E-01 0.45783559235E-12
Si 01 0.25000100000E+01 0.30850457641E-01 -.11412160279E-11
Si 01 0.26000100000E+01 0.30913592329E-01 0.64345404005E-12
Si 01 0.27000100000E+01 0.30943083565E-01 0.45471005433E-12
Si 01 0.28000100000E+01 0.30929101657E-01 -.10234741657E-11
Si 01 0.29000100000E+01 0.30859568499E-01 0.53668522534E-12
Si 01 0.30000100000E+01 0.30723118247E-01 0.45122391067E-12
Si 01 0.31000100000E+01 0.30512984582E-01 -.92629083657E-12
Si 01 0.32000100000E+01 0.30230602761E-01 0.44876385594E-12
Si 01 0.33000100000E+01 0.29887581910E-01 0.44738236553E-12
Si 01 0.34000100000E+01 0.29505358905E-01 -.84422269522E-12
Si 01 0.35000100000E+01 0.29112636630E-01 0.37492535118E-12
Si 01 0.36000100000E+01 0.28741285676E-01 0.44319192413E-12
Si 01 0.37000100000E+01 0.28421764446E-01 -.77359212786E-12
Si 01 0.38000100000E+01 0.28179081429E-01 0.31191282196E-12
Si 01 0.39000100000E+01 0.28029973850E-01 0.43865995905E-12
Si 01 0.40000100000E+01 0.27981627076E-01 -.71183120162E-12
Si 01 0.41000100000E+01 0.28031923117E-01 0.25742602494E-12
Si 01 0.42000100000E+01 0.28170942081E-01 0.43379362602E-12
Si 01 0.43000100000E+01 0.28383350210E-01 -.65708940025E-12
Si 01 0.44000100000E+01 0.28651183875E-01 0.20979008461E-12
Si 01 0.45000100000E+01 0.28956347034E-01 0.42860073129E-12
Si 01 0.46000100000E+01 0.29282193643E-01 -.60800930263E-12
Si 01 0.47000100000E+01 0.29613932197E-01 0.16776207160E-12
Si 01 0.48000100000E+01 0.29938054135E-01 0.42308778009E-12
Si 01 0.49000100000E+01 0.30241340761E-01 -.56356438613E-12
Si 01 0.50000100000E+01 0.30510072594E-01 0.13039873001E-12
Si 01 0.51000100000E+01 0.30729925418E-01 0.41726409654E-12
Si 01 0.52000100000E+01 0.30886891196E-01 -.52296535158E-12
Si 01 0.53000100000E+01 0.30969286165E-01 0.96966054977E-13
Si 01 0.54000100000E+01 0.30970377227E-01 0.41113727006E-12
Si 01 0.55000100000E+01 0.30890696524E-01 -.48560417840E-12
Si 01 0.56000100000E+01 0.30739040617E-01 0.66894840361E-13
Si 01 0.57000100000E+01 0.30531487632E-01 0.40471521533E-12
Si 01 0.58000100000E+01 0.30288508610E-01 -.45099834240E-12
Si 01 0.59000100000E+01 0.30031123044E-01 0.39729816117E-13
Si 01 0.60000100000E+01 0.29777391367E-01 0.39801050910E-12
Si 01 0.61000100000E+01 0.29540160878E-01 -.41876165079E-12
Si 01 0.62000100000E+01 0.29326436108E-01 0.15101093119E-13
Si 01 0.63000100000E+01 0.29138341545E-01 0.39102998183E-12
Si 01 0.64000100000E+01 0.28975212976E-01 -.38858456383E-12
Si 01 0.65000100000E+01 0.28836007296E-01 -.72871396417E-14
Si 01 0.66000100000E+01 0.28721255608E-01 0.38378306609E-12
Si 01 0.67000100000E+01 0.28634049360E-01 -.36021684767E-12
Si 01 0.68000100000E+01 0.28579826982E-01 -.27684668794E-13
Si 01 0.69000100000E+01 0.28565125154E-01 0.37628212178E-12
Si 01 0.70000100000E+01 0.28595849827E-01 -.33344941391E-12
Si 01 0.71000100000E+01 0.28675651473E-01 -.46293481201E-13
Si 01 0.72000100000E+01 0.28804761115E-01 0.36853744882E-12
Si 01 0.73000100000E+01 0.28979450960E-01 -.30811009126E-12
Si 01 0.74000100000E+01 0.29192070006E-01 -.63286832372E-13
Si 01 0.75000100000E+01 0.29431437978E-01 0.36055880503E-12
Si 01 0.76000100000E+01 0.29683530252E-01 -.28405749974E-12
Si 01 0.77000100000E+01 0.29932619551E-01 -.78809138035E-13
Si 01 0.78000100000E+01 0.30162932361E-01 0.35235833348E-12
Si 01 0.79000100000E+01 0.30360557171E-01 -.26117454553E-12
Si 01 0.80000100000E+01 0.30515080751E-01 -.92986816164E-13
Si 01 0.81000100000E+01 0.30620320920E-01 0.34394817723E-12
Si 01 0.82000100000E+01 0.30673820028E-01 -.23935844626E-12
Si 01 0.83000100000E+01 0.30675457255E-01 -.10592048072E-12
Si 01 0.84000100000E+01 0.30626036191E-01 0.33533896146E-12
Si 01 0.85000100000E+01 0.30526671451E-01 -.21852571835E-12
Si 01 0.86000100000E+01 0.30379392156E-01 -.11770619202E-12
Si 01 0.87000100000E+01 0.30188677993E-01 0.32654201608E-12
Si 01 0.88000100000E+01 0.29962955320E-01 -.19860466895E-12
Si 01 0.89000100000E+01 0.29715033400E-01 -.12842383542E-12
Si 01 0.90000100000E+01 0.29461067602E-01 0.31757086652E-12
Si 01 0.91000100000E+01 0.29218374677E-01 -.17953428457E-12
Si 01 0.92000100000E+01 0.29002973927E-01 -.13814242718E-12
Si 01 0.93000100000E+01 0.28827776801E-01 0.30843817084E-12
Si 01 0.94000100000E+01 0.28701780763E-01 -.16126184589E-12
Si 01 0.95000100000E+01 0.28630036898E-01 -.14692511530E-12
Si 01 0.96000100000E+01 0.28614012165E-01 0.29915577394E-12
Si 01 0.97000100000E+01 0.28652026340E-01 -.14374265667E-12
Si 01 0.98000100000E+01 0.28739599416E-01 -.15482602179E-12
Si 01 0.99000100000E+01 0.28869791640E-01 0.28973611704E-12
Si 01 0.10000010000E+02 0.29033658605E-01 -.12693904088E-12
Si 01 0.10100010000E+02 0.29220819848E-01 -.16189610416E-12
Si 01 0.10200010000E+02 0.29420145111E-01 0.28019405372E-12
Si 01 0.10300010000E+02 0.29620548630E-01 -.11081717141E-12
Si 01 0.10400010000E+02 0.29811756274E-01 -.16817927259E-12
Si 01 0.10500010000E+02 0.29984885422E-01 0.27053966706E-12
Si 01 0.10600010000E+02 0.30132703231E-01 -.95347991655E-13
Si 01 0.10700010000E+02 0.30249507549E-01 -.17371629309E-12
Si 01 0.10800010000E+02 0.30330871458E-01 0.26078726852E-12
Si 01 0.10900010000E+02 0.30373660757E-01 -.80507215477E-13
Si 01 0.11000010000E+02 0.30376451640E-01 -.17854305274E-12
Si 01 0.11100010000E+02 0.30340105710E-01 0.25095214535E-12
Si 01 0.11200010000E+02 0.30268086461E-01 -.66271857793E-13
Si 01 0.11300010000E+02 0.30166161255E-01 -.18269565548E-12
Si 01 0.11400010000E+02 0.30041552007E-01 0.24104427222E-12
Si 01 0.11500010000E+02 0.29902017954E-01 -.52624679787E-13
Si 01 0.11600010000E+02 0.29755238926E-01 -.18620348319E-12
Si 01 0.11700010000E+02 0.29608503345E-01 0.23107901768E-12
Si 01 0.11800010000E+02 0.29468532831E-01 -.39547222918E-13
Si 01 0.11900010000E+02 0.29341246782E-01 -.18909734076E-12
Si 01 0.12000010000E+02 0.29231437818E-01 0.22106849771E-12
Si 01 0.12100010000E+02 0.29142599978E-01 -.27025365452E-13
Si 01 0.12200010000E+02 0.29077062310E-01 -.19140412996E-12
Si 01 0.12300010000E+02 0.29036255153E-01 0.21102618351E-12
Si 01 0.12400010000E+02 0.29020883590E-01 -.15045473548E-13
Si 01 0.12500010000E+02 0.29030923258E-01 -.19314974967E-12
Si 01 0.12600010000E+02 0.29065490016E-01 0.20096619681E-12
Si 01 0.12700010000E+02 0.29122783147E-01 -.35961901859E-14
Si 01 0.12800010000E+02 0.29200243509E-01 -.19435906877E-12
Si 01 0.12900010000E+02 0.29294796550E-01 0.19090078910E-12
Si 01 0.13000010000E+02 0.29402963425E-01 0.73330013936E-14
Si 01 0.13100010000E+02 0.29520750017E-01 -.19505534340E-12
Si 01 0.13200010000E+02 0.29643368330E-01 0.18084188660E-12
Si 01 0.13300010000E+02 0.29765038022E-01 0.17751316909E-13
Si 01 0.13400010000E+02 0.29879180720E-01 -.19526047446E-12
Si 01 0.13500010000E+02 0.29979048365E-01 0.17080531867E-12
Si 01 0.13600010000E+02 0.30058528429E-01 0.27668839442E-13
Si 01 0.13700010000E+02 0.30112838594E-01 -.19499636281E-12
Si 01 0.13800010000E+02 0.30138953281E-01 0.16080181891E-12
Si 01 0.13900010000E+02 0.30135768027E-01 0.37092507885E-13
Si 01 0.14000010000E+02 0.30104094221E-01 -.19428328304E-12
Si 01 0.14100010000E+02 0.30046505721E-01 0.15084483142E-12
Si 01 0.14200010000E+02 0.29967013546E-01 0.46030995855E-13
Si 01 0.14300010000E+02 0.29870639438E-01 -.19314172657E-12
Si 01 0.14400010000E+02 0.29763013222E-01 0.14094649926E-12
Si 01 0.14500010000E+02 0.29650064111E-01 0.54490429096E-13
Si 01 0.14600010000E+02 0.29537813447E-01 -.19159169693E-12
Si 01 0.14700010000E+02 0.29432228222E-01 0.13111906038E-12
Si 01 0.14800010000E+02 0.29339075897E-01 0.62478508830E-13
Si 01 0.14900010000E+02 0.29263734131E-01 -.18965081242E-12
Si 01 0.15000010000E+02 0.29210887627E-01 0.12137521348E-12
Si 01 0.15100010000E+02 0.29184037249E-01 0.70001675897E-13
Si 01 0.15200010000E+02 0.29184863701E-01 -.18733842602E-12
Si 01 0.15300010000E+02 0.29212655281E-01 0.11172649177E-12
Si 01 0.15400010000E+02 0.29264064536E-01 0.77066283043E-13
Si 01 0.15500010000E+02 0.29333359639E-01 -.18467291498E-12
Si 01 0.15600010000E+02 0.29413163559E-01 0.10218529582E-12
Si 01 0.15700010000E+02 0.29495535584E-01 0.83678181571E-13
Si 01 0.15800010000E+02 0.29573172592E-01 -.18167184337E-12
Si 01 0.15900010000E+02 0.29640463982E-01 0.92761844213E-13
Si 01 0.16000010000E+02 0.29694149833E-01 0.89844798268E-13
Si 01 0.16100010000E+02 0.29733434843E-01 -.17835320894E-12
Si 01 0.16200010000E+02 0.29759572079E-01 0.83467412669E-13
Si 01 0.16300010000E+02 0.29775092281E-01 0.95570903622E-13
Si 01 0.16400010000E+02 0.29782927775E-01 -.17473359998E-12
Si 01 0.16500010000E+02 0.29785643780E-01 0.74314686349E-13
Si 01 0.16600010000E+02 0.29784934768E-01 0.10086517125E-12
Si 01 0.16700010000E+02 0.29781473536E-01 -.17082993006E-12
Si 01 0.16800010000E+02 0.29775070232E-01 0.65312447291E-13
Si 01 0.16900010000E+02 0.29765022155E-01 0.10573226322E-12
Si 01 0.17000010000E+02 0.29750568056E-01 -.16665976325E-12
Si 01 0.17100010000E+02 0.29731355557E-01 0.56470995415E-13
Si 01 0.17200010000E+02 0.29707770643E-01 0.11017798002E-12
Si 01 0.17300010000E+02 0.29680998054E-01 -.16223936257E-12
Si 01 0.17400010000E+02 0.29652775367E-01 0.47800955902E-13
Si 01 0.17500010000E+02 0.29624910612E-01 0.11421142894E-12
Si 01 0.17600010000E+02 0.29598750605E-01 -.15758564158E-12
Si 01 0.17700010000E+02 0.29574843443E-01 0.39311314078E-13
Si 01 0.17800010000E+02 0.29552955941E-01 0.11783791750E-12
Si 01 0.17900010000E+02 0.29532431549E-01 -.15271426701E-12
Si 01 0.18000010000E+02 0.29512717279E-01 0.31011597370E-13
Si 01 0.18100010000E+02 0.29493841736E-01 0.12106472509E-12
Si 01 0.18200010000E+02 0.29476683961E-01 -.14764128505E-12
Si 01 0.18300010000E+02 0.29462943552E-01 0.22910601367E-13
Si 01 0.18400010000E+02 0.29454797164E-01 0.12389931746E-12
Si 01 0.18500010000E+02 0.29454331308E-01 -.14238230820E-12
Si 01 0.18600010000E+02 0.29462909536E-01 0.15016525350E-13
Si 01 0.18700010000E+02 0.29480648196E-01 0.12634869279E-12
Si 01 0.18800010000E+02 0.29506183531E-01 -.13695381634E-12
Si 01 0.18900010000E+02 0.29536849041E-01 0.73373382023E-14
Si 01 0.19000010000E+02 0.29569223897E-01 0.12842168735E-12
Si 01 0.19100010000E+02 0.29599882715E-01 -.13137115094E-12
Si 01 0.19200010000E+02 0.29626122464E-01 -.11937065919E-15
Si 01 0.19300010000E+02 0.29646451225E-01 0.13012496896E-12
Si 01 0.19400010000E+02 0.29660721977E-01 -.12564905713E-12
Si 01 0.19500010000E+02 0.29669922364E-01 -.73463370803E-14
Si 01 0.19600010000E+02 0.29675711761E-01 0.13146731967E-12
Si 01 0.19700010000E+02 0.29679856435E-01 -.11980314744E-12
Si 01 0.19800010000E+02 0.29683731700E-01 -.14336622167E-13
Si 01 0.19900010000E+02 0.29688008056E-01 0.13245773835E-12
Si 01 0.20000010000E+02 0.29692590612E-01 -.11384811279E-12
Si 01 0.20100010000E+02 0.29696821181E-01 -.21084479648E-13
Si 01 0.20200010000E+02 0.29699830428E-01 0.13310316391E-12
Si 01 0.20300010000E+02 0.29700869331E-01 -.10779853572E-12
Si 01 0.20400010000E+02 0.29699506872E-01 -.27582997735E-13
Si 01 0.20500010000E+02 0.29695643190E-01 0.13341392336E-12
Si 01 0.20600010000E+02 0.29689358573E-01 -.10166905295E-12
Si 01 0.20700010000E+02 0.29680701933E-01 -.33828822176E-13
Si 01 0.20800010000E+02 0.29669520387E-01 0.13339869709E-12
Si 01 0.20900010000E+02 0.29655403228E-01 -.95474125025E-13
Si 01 0.21000010000E+02 0.29637807295E-01 -.39815183485E-13
Si 01 0.21100010000E+02 0.29616320663E-01 0.13306695155E-12
Si 01 0.21200010000E+02 0.29590902114E-01 -.89227507761E-13
Si 01 0.21300010000E+02 0.29562007633E-01 -.45538334388E-13
Si 01 0.21400010000E+02 0.29530632552E-01 0.13242808542E-12
Si 01 0.21500010000E+02 0.29498301984E-01 -.82942929868E-13
Si 01 0.21600010000E+02 0.29467035416E-01 -.50994202350E-13
Si 01 0.21700010000E+02 0.29439282071E-01 0.13149236474E-12
Si 01 0.21800010000E+02 0.29417744981E-01 -.76634770578E-13
Si 01 0.21900010000E+02 0.29405048169E-01 -.56179453450E-13
Si 01 0.22000010000E+02 0.29403322457E-01 0.13026927627E-12
Si 01 0.22100010000E+02 0.29413817440E-01 -.70314956115E-13
Si 01 0.22200010000E+02 0.29436650237E-01 -.61090997712E-13
Si 01 0.22300010000E+02 0.29470801051E-01 0.12876928256E-12
Si 01 0.22400010000E+02 0.29514352068E-01 -.63997635316E-13
Si 01 0.22500010000E+02 0.29564842179E-01 -.65726287260E-13
Si 01 0.22600010000E+02 0.29619595524E-01 0.12700300880E-12
Si 01 0.22700010000E+02 0.29675904685E-01 -.57694300726E-13
Si 01 0.22800010000E+02 0.29731026346E-01 -.70083262110E-13
Si 01 0.22900010000E+02 0.29782088302E-01 0.12498059228E-12
Si 01 0.23000010000E+02 0.29826048662E-01 -.51419372232E-13
Si 01 0.23100010000E+02 0.29859789949E-01 -.74159970699E-13
Si 01 0.23200010000E+02 0.29880395237E-01 0.12271330870E-12
Si 01 0.23300010000E+02 0.29885583387E-01 -.45182770286E-13
Si 01 0.23400010000E+02 0.29874169453E-01 -.77955870925E-13
Si 01 0.23500010000E+02 0.29846389485E-01 0.12021171547E-12
Si 01 0.23600010000E+02 0.29803969297E-01 -.38997640837E-13
Si 01 0.23700010000E+02 0.29749887928E-01 -.81470294480E-13
Si 01 0.23800010000E+02 0.29687919370E-01 0.11748715607E-12
Si 01 0.23900010000E+02 0.29622125942E-01 -.32874771698E-13
Si 01 0.24000010000E+02 0.29556448150E-01 -.84702969465E-13
Si 01 0.24100010000E+02 0.29494472309E-01 0.11455073001E-12
Si 01 0.24200010000E+02 0.29439363969E-01 -.26825438572E-13
Si 01 0.24300010000E+02 0.29393847139E-01 -.87653788308E-13
Si 01 0.24400010000E+02 0.29360119265E-01 0.11141375366E-12
Si 01 0.24500010000E+02 0.29339685208E-01 -.20860429269E-13
Si 01 0.24600010000E+02 0.29333151123E-01 -.90324124048E-13
Si 01 0.24700010000E+02 0.29340085739E-01 0.10808752981E-12
Si 01 0.24800010000E+02 0.29359094341E-01 -.14989853976E-13
Si 01 0.24900010000E+02 0.29388139671E-01 -.92715169309E-13
Si 01 0.25000010000E+02 0.29424997909E-01 0.10458398470E-12
Si 01 0.25100010000E+02 0.29467686996E-01 -.92240668229E-14
Si 01 0.25200010000E+02 0.29514699379E-01 -.94827845663E-13
Si 01 0.25300010000E+02 0.29564938498E-01 0.10091412298E-12
Si 01 0.25400010000E+02 0.29617423542E-01 -.35726629988E-14
Si 01 0.25500010000E+02 0.29670937260E-01 -.96665405715E-13
Si 01 0.25600010000E+02 0.29723783688E-01 0.97089979285E-13
Si 01 0.25700010000E+02 0.29773767932E-01 0.19555754585E-14
Si 01 0.25800010000E+02 0.29818397826E-01 -.98230072080E-13
Si 01 0.25900010000E+02 0.29855178318E-01 0.93123208797E-13
Si 01 0.26000010000E+02 0.29881855855E-01 0.73515412508E-14
Si 01 0.26100010000E+02 0.29896552046E-01 -.99524338423E-13
Si 01 0.26200010000E+02 0.29897807962E-01 0.89025412476E-13
Si 01 0.26300010000E+02 0.29884629879E-01 0.12606804706E-13
Si 01 0.26400010000E+02 0.29856634972E-01 -.10055213498E-12
Si 01 0.26500010000E+02 0.29814295892E-01 0.84807906683E-13
Si 01 0.26600010000E+02 0.29759171960E-01 0.17713474866E-13
Si 01 0.26700010000E+02 0.29693981317E-01 -.10131711754E-12
Si 01 0.26800010000E+02 0.29622406580E-01 0.80482915796E-13
Si 01 0.26900010000E+02 0.29548643896E-01 0.22663972478E-13
Si 01 0.27000010000E+02 0.29476865645E-01 -.10182366018E-12
Si 01 0.27100010000E+02 0.29410829283E-01 0.76061525784E-13
Si 01 0.27200010000E+02 0.29353765019E-01 0.27451402696E-13
Si 01 0.27300010000E+02 0.29308501995E-01 -.10207611666E-12
Si 01 0.27400010000E+02 0.29277647755E-01 0.71556042341E-13
Si 01 0.27500010000E+02 0.29263593804E-01 0.32068748698E-13
Si 01 0.27600010000E+02 0.29268238165E-01 -.10207985715E-12
Si 01 0.27700010000E+02 0.29292518412E-01 0.66977131306E-13
Si 01 0.27800010000E+02 0.29335962523E-01 0.36509803427E-13
Si 01 0.27900010000E+02 0.29396441804E-01 -.10184024847E-12
Si 01 0.28000010000E+02 0.29470222421E-01 0.62336854428E-13
Si 01 0.28100010000E+02 0.29552298439E-01 0.40769525343E-13
Si 01 0.28200010000E+02 0.29636901126E-01 -.10136265742E-12
Si 01 0.28300010000E+02 0.29718087104E-01 0.57646270570E-13
Si 01 0.28400010000E+02 0.29790353652E-01 0.44841626072E-13
Si 01 0.28500010000E+02 0.29849216186E-01 -.10065299288E-12
Si 01 0.28600010000E+02 0.29891646498E-01 0.52916384382E-13
Si 01 0.28700010000E+02 0.29916270584E-01 0.48721768807E-13
Si 01 0.28800010000E+02 0.29923266534E-01 -.99718627453E-13
Si 01 0.28900010000E+02 0.29913996896E-01 0.48158525778E-13
Si 01 0.29000010000E+02 0.29890513046E-01 0.52405237268E-13
Si 01 0.29100010000E+02 0.29855098359E-01 -.98565198971E-13
Si 01 0.29200010000E+02 0.29809978215E-01 0.43383618096E-13
Si 01 0.29300010000E+02 0.29757247214E-01 0.55888236747E-13
Si 01 0.29400010000E+02 0.29698961753E-01 -.97200323962E-13
Si 01 0.29500010000E+02 0.29637299609E-01 0.38602218752E-13
Si 01 0.29600010000E+02 0.29574711630E-01 0.59167468898E-13
Si 01 0.29700010000E+02 0.29513990943E-01 -.95630948093E-13
Si 01 0.29800010000E+02 0.29458187134E-01 0.33825115560E-13
Si 01 0.29900010000E+02 0.29410363332E-01 0.62239628599E-13
Si 01 0.30000010000E+02 0.29373254705E-01 -.93864965713E-13
Si 01 0.30100010000E+02 0.29348903635E-01 0.29062364494E-13
Si 01 0.30200010000E+02 0.29338374777E-01 0.65102003649E-13
Si 01 0.30300010000E+02 0.29341645047E-01 -.91909607095E-13
Si 01 0.30400010000E+02 0.29357691333E-01 0.24324455210E-13
Si 01 0.30500010000E+02 0.29384743133E-01 0.67752877961E-13
Si 01 0.30600010000E+02 0.29420632067E-01 -.89773511975E-13
Si 01 0.30700010000E+02 0.29463133233E-01 0.19620969346E-13
Si 01 0.30800010000E+02 0.29510206963E-01 0.70190435495E-13
Si 01 0.30900010000E+02 0.29560096336E-01 -.87464432398E-13
Si 01 0.31000010000E+02 0.29611271239E-01 0.14961231039E-13
Si 01 0.31100010000E+02 0.29662260852E-01 0.72413375209E-13
Si 01 0.31200010000E+02 0.29711453078E-01 -.84990716721E-13
Si 01 0.31300010000E+02 0.29756929947E-01 0.10355702840E-13
Si 01 0.31400010000E+02 0.29796419055E-01 0.74420775532E-13
Si 01 0.31500010000E+02 0.29827443424E-01 -.82361634873E-13
Si 01 0.31600010000E+02 0.29847660238E-01 0.58127873175E-14
Si 01 0.31700010000E+02 0.29855278183E-01 0.76212636462E-13
Si 01 0.31800010000E+02 0.29849418799E-01 -.79585209950E-13
Si 01 0.31900010000E+02 0.29830301878E-01 0.13410496671E-14
Si 01 0.32000010000E+02 0.29799206281E-01 0.77788849581E-13
Si 01 0.32100010000E+02 0.29758271515E-01 -.76670684775E-13
Si 01 0.32200010000E+02 0.29710229076E-01 -.30500233415E-14
Si 01 0.32300010000E+02 0.29658095762E-01 0.79149929883E-13
Si 01 0.32400010000E+02 0.29604854168E-01 -.73627017569E-13
Si 01 0.32500010000E+02 0.29553179014E-01 -.73529710424E-14
Si 01 0.32600010000E+02 0.29505283331E-01 0.80296978671E-13
Si 01 0.32700010000E+02 0.29462949528E-01 -.70463342734E-13
Si 01 0.32800010000E+02 0.29427729219E-01 -.11559722905E-13
Si 01 0.32900010000E+02 0.29401163101E-01 0.81231381214E-13
Si 01 0.33000010000E+02 0.29384836909E-01 -.67188957306E-13
Si 01 0.33100010000E+02 0.29380193208E-01 -.15662547214E-13
Si 01 0.33200010000E+02 0.29388158410E-01 0.81954788008E-13
Si 01 0.33300010000E+02 0.29408750225E-01 -.63812941476E-13
Si 01 0.33400010000E+02 0.29440858007E-01 -.19654145932E-13
Si 01 0.33500010000E+02 0.29482291937E-01 0.82469296149E-13
Si 01 0.33600010000E+02 0.29530041529E-01 -.60344632936E-13
Si 01 0.33700010000E+02 0.29580611288E-01 -.23527783454E-13
Si 01 0.33800010000E+02 0.29630355444E-01 0.82777643247E-13
Si 01 0.33900010000E+02 0.29675818396E-01 -.56793816611E-13
Si 01 0.34000010000E+02 0.29714092556E-01 -.27276954567E-13
Si 01 0.34100010000E+02 0.29743135854E-01 0.82882919278E-13
Si 01 0.34200010000E+02 0.29761943687E-01 -.53169382959E-13
Si 01 0.34300010000E+02 0.29770507434E-01 -.30895208267E-13
Si 01 0.34400010000E+02 0.29769591320E-01 0.82788485269E-13
Si 01 0.34500010000E+02 0.29760447195E-01 -.49481144009E-13
Si 01 0.34600010000E+02 0.29744586857E-01 -.34376960913E-13
Si 01 0.34700010000E+02 0.29723644613E-01 0.82497593826E-13
Si 01 0.34800010000E+02 0.29699282208E-01 -.45737881798E-13
Si 01 0.34900010000E+02 0.29673089942E-01 -.37716899916E-13
Si 01 0.35000010000E+02 0.29646493956E-01 0.82014717283E-13
Si 01 0.35100010000E+02 0.29620710827E-01 -.41949489672E-13
Si 01 0.35200010000E+02 0.29596760244E-01 -.40909468738E-13
Si 01 0.35300010000E+02 0.29575494713E-01 0.81343731664E-13
Si 01 0.35400010000E+02 0.29557594998E-01 -.38125224006E-13
Si 01 0.35500010000E+02 0.29543518873E-01 -.43950408498E-13
Si 01 0.35600010000E+02 0.29533435821E-01 0.80489729329E-13
Si 01 0.35700010000E+02 0.29527199269E-01 -.34273934602E-13
Si 01 0.35800010000E+02 0.29524389488E-01 -.46835351895E-13
Si 01 0.35900010000E+02 0.29524412959E-01 0.79457518039E-13
Si 01 0.36000010000E+02 0.29526613918E-01 -.30404823624E-13
Si 01 0.36100010000E+02 0.29530375466E-01 -.49560399187E-13
Si 01 0.36200010000E+02 0.29535219403E-01 0.78252725480E-13
Si 01 0.36300010000E+02 0.29540903496E-01 -.26527011924E-13
Si 01 0.36400010000E+02 0.29547482907E-01 -.52121989450E-13
Si 01 0.36500010000E+02 0.29555290455E-01 0.76880233950E-13
Si 01 0.36600010000E+02 0.29564808380E-01 -.22649308644E-13
Si 01 0.36700010000E+02 0.29576455865E-01 -.54516992049E-13
Si 01 0.36800010000E+02 0.29590374296E-01 0.75346684187E-13
Si 01 0.36900010000E+02 0.29606294345E-01 -.18780712662E-13
Si 01 0.37000010000E+02 0.29623516481E-01 -.56742913319E-13
Si 01 0.37100010000E+02 0.29640990729E-01 0.73657659833E-13
Si 01 0.37200010000E+02 0.29657460132E-01 -.14929572335E-13
Si 01 0.37300010000E+02 0.29671624414E-01 -.58797259596E-13
Si 01 0.37400010000E+02 0.29682291293E-01 0.71819611890E-13
Si 01 0.37500010000E+02 0.29688502761E-01 -.11104290230E-13
Si 01 0.37600010000E+02 0.29689641158E-01 -.60678350365E-13
Si 01 0.37700010000E+02 0.29685532360E-01 0.69838937151E-13
Si 01 0.37800010000E+02 0.29676543015E-01 -.73130520736E-14
Si 01 0.37900010000E+02 0.29663624698E-01 -.62384505114E-13
Si 01 0.38000010000E+02 0.29648251411E-01 0.67722655825E-13
Si 01 0.38100010000E+02 0.29632226096E-01 -.35641791168E-14
Si 01 0.38200010000E+02 0.29617364751E-01 -.63914463457E-13
Si 01 0.38300010000E+02 0.29605123920E-01 0.65477395099E-13
Si 01 0.38400010000E+02 0.29596291454E-01 0.13483409268E-15
Si 01 0.38500010000E+02 0.29590845810E-01 -.65267965991E-13
Si 01 0.38600010000E+02 0.29588034249E-01 0.63110554651E-13
Si 01 0.38700010000E+02 0.29586658594E-01 0.37760864314E-14
Si 01 0.38800010000E+02 0.29585471867E-01 -.66444232386E-13
Si 01 0.38900010000E+02 0.29583538363E-01 0.60629344427E-13
Si 01 0.39000010000E+02 0.29580445756E-01 0.73522730872E-14
Si 01 0.39100010000E+02 0.29576318962E-01 -.67443690606E-13
Si 01 0.39200010000E+02 0.29571646200E-01 0.58040838845E-13
Si 01 0.39300010000E+02 0.29567008337E-01 0.10856251878E-13
Si 01 0.39400010000E+02 0.29562843469E-01 -.68266410320E-13
Si 01 0.39500010000E+02 0.29559346258E-01 0.55352803504E-13
Si 01 0.39600010000E+02 0.29556537460E-01 0.14281056806E-13
Si 01 0.39700010000E+02 0.29554449997E-01 -.68913462176E-13
Si 01 0.39800010000E+02 0.29553302543E-01 0.52573125974E-13
Si 01 0.39900010000E+02 0.29553558367E-01 0.17620345287E-13
Si 01 0.40000010000E+02 0.29555863385E-01 -.69386011693E-13
